INDEX GRAMMATICUS.

a—-uu—u-

Ἁβσῆθητ θητοσρ ..6866 ’666ρ666166668788 6166·
9116611113ὶὲ8 ²¹⁵⁰* · {28239210113048818 .),
6666616687 76119616 81810 (6666)ο’6”149,6. 188,16.
y801, 18. 18. 806, 19. 6666641ὶὶ 81818. 616(6ιρος) 6666668188.
807,.1 ’ 223, 88818,.π7 ρὸςέπανοξστα-
6166661666 41, 6. 88, 6. 117,10. 666 8887. 41666666666176, 6.
664, 12. 2³6, 2 666, 66
6166ή66666666μ1 61666 ρὲιεινεοφο ΐᾳ 198, 18. 881, 17.
6168666666 6661166666 8181. 6166666666ἀρχή176, 14.
616166 1889. 6166166 666166688816. 66616666
αἰσχρότης 196, 13. 8188. 666166 6616 στρατοπέδων 80, 80.
αἰτίαν 666666 81, 8. 78, 6. 889. 6166166 61161666 96, 80. “
18818. 6661666667,88.160,11.847,6.
εἰς’ ακρότατονδννάμοως868, 14. 61666 0666666 haimom 1'05, 10.
6166666666 614 61 61666 της 6661616 116, 88 61
6166166681,80.61664χρή66666 666 τῆς τ’γερουσίας 887, 4. 19.
144,11. 846168065 ο1616666ῆςΔα1- ·

61166166, 18811, 8. 88811. 6661668181. 61 61666 τῆςπό- ’

6111666666186. 80. 140, 16. 16666871, 10. 807, 11. 6161666666
61166 11 19 8881 84816 84618 6616166οέ 876, 18. 6161666 666
860, 14. 861, 88. 86816. 8686. 66ρ66666466661, 8. ο) dua 666
878,19.,8778..19896,.88896,18 φΜ66166168,8.,.1667
8087 806, 9. 6166666666ῆ666ν 194, 16.
3121202018111017518,16.21,17.&noyvmwumcsslulmvvotem
4810. 46, 18. 64, 81. 78. 8. 981 666666 18. 10. 47, 17. 98, 16.
180,80.186,11.188,19.188,.8 119, 14. 180, 6. 81814. 884,1.
816,.17887,10.841.8888,16. 899,’9.,8061’..886,6
661 ρὶμφ) την 16166 86 6 661661 6666666666 66 19. 889 6
τὴν 666661666666166666687,18.666166166666ραςΒΟ8,11.
66666 66. 66 66666 6.. . . .
190, 16. 889, 81. 844, 88. 1161- 60,,88.686.1686.188,.4 1861.
66ρα78,9. 86,10.111,18. 18816, 804, 8. 817, 4. 889, 11. 848, 10.
agamemn τῆς ἀρχῆς 174,17. 89816.
611186868186 88111 11816686 6”
δεῖξαι 86, 16. ἀποδεῖξαι 101,7. 616666 6616688819.
186, 6887, 1 860,.,1818 10, 6166666 66666688, 10. 46,8. 68,.88
616666166666666661616664, 80. rt· 69, φᾶ. 146, 17. 888, 18. 844, 6.
m 5118. 85810. 869,14.879,10.898,18.

 

